102397216.000000
98432128.000000
100015512.000000
102688456.000000
97980096.000000
98867872.000000
93189712.000000
102067792.000000
98503248.000000
100963744.000000
96950784.000000
98742592.000000
98775744.000000
96166592.000000
104227240.000000
96526248.000000
96048512.000000
95506840.000000
101096360.000000
97962560.000000
97598360.000000
98459928.000000
105316784.000000
87709664.000000
92122232.000000
96236536.000000
100028472.000000
96725872.000000
95350752.000000
103504880.000000
104370976.000000
102325840.000000
98392640.000000
97776400.000000
97682480.000000
110696680.000000
104524768.000000
95882992.000000
99470560.000000
93102248.000000
96621104.000000
92784992.000000
100108976.000000
100733984.000000
98955304.000000
100913664.000000
98944288.000000
95752072.000000
100368264.000000
95116736.000000
107521408.000000
98556432.000000
95837264.000000
90955040.000000
98176592.000000
98510096.000000
101557088.000000
94762272.000000
99378976.000000
102210784.000000
100827480.000000
99619664.000000
106013504.000000
101248232.000000
99145040.000000
96384256.000000
96921208.000000
98572216.000000
104587896.000000
92262928.000000
94644392.000000
103095440.000000
93835056.000000
106987344.000000
100204200.000000
98679112.000000
105352712.000000
104512448.000000
103640472.000000
94469128.000000
92518832.000000
99340728.000000
101697072.000000
106920440.000000
97814528.000000
95196640.000000
88588184.000000
98292560.000000
99532416.000000
104245856.000000
90296056.000000
97284608.000000
96914832.000000
105189920.000000
98092016.000000
91818704.000000
108386512.000000
97678408.000000
100312824.000000
97076256.000000
100463272.000000
105614720.000000
94403576.000000
104432768.000000
98120608.000000
102433928.000000
100902672.000000
100094424.000000
100078392.000000
104885648.000000
95977672.000000
96224336.000000
96324712.000000
107008304.000000
94365368.000000
99503632.000000
97494424.000000
101984304.000000
97141304.000000
95438264.000000
104292448.000000
101174864.000000
99220584.000000
99266528.000000
94567048.000000
105841600.000000
100787864.000000
99241728.000000
103570008.000000
103704016.000000
100512224.000000
96362672.000000
105646576.000000
102953224.000000
106635168.000000
95668392.000000
97119176.000000
104070352.000000
105154864.000000
98322072.000000
101673016.000000
99939880.000000
97161856.000000
97110592.000000
102991960.000000
93172104.000000
101851232.000000
97501224.000000
102842704.000000
97221320.000000
108958240.000000
100846944.000000
99971056.000000
95056208.000000
94399696.000000
95818336.000000
88152832.000000
99264288.000000
93339072.000000
102586768.000000
95932376.000000
104225800.000000
104468008.000000
99934096.000000
98689568.000000
99885872.000000
102615416.000000
93519552.000000
93866240.000000
108507376.000000
101524384.000000
103363216.000000
95367504.000000
98578144.000000
101788928.000000
100555896.000000
100529368.000000
95757136.000000
96183904.000000
94357816.000000
96457736.000000
98292064.000000
94859864.000000
97097616.000000
98993872.000000
100196832.000000
96250528.000000
100515424.000000
106054256.000000
100160992.000000
98869096.000000
95078688.000000
105158624.000000
98567328.000000
96923656.000000
106596376.000000
93800888.000000
95257656.000000
94744256.000000
96629888.000000
